architecture:
  name: mlp_3x_192x192x128_do0.3_a0.015
  layers:
  - 192
  - 192
  - 128
  dropout: 0.3
  leaky_relu_alpha: 0.015
hyperparameters:
  lr: 0.001347632520979508
  beta1: 0.9141405520139614
  beta2: 0.9027947009099758
  eps: 4.884443539286252e-09
  weight_decay: 5.11499290635496e-06
best_trial_idx: 22
best_validation_loss: 0.07718679691553115
best_epoch: 30
terminating_epoch: 50
