architecture:
  layers:
  - 256
  - 128
  dropout: 0.2
  leaky_relu_alpha: 0.015
  name: mlp_2x_256x128_do0.2_a0.015
best_hyperparameters:
  lr: 0.00036554002329984174
  beta1: 0.9412230161811868
  beta2: 0.9787934627784378
  eps: 1.9124001114030232e-09
  weight_decay: 1.2983443910253406e-06
best_validation_loss: 0.06872489197254181
num_trials: 2
