architecture:
  name: mlp_2x_256x128_do0.25_a0.045
  layers:
  - 256
  - 128
  dropout: 0.25
  leaky_relu_alpha: 0.045
hyperparameters:
  lr: 0.00015761591276588984
  beta1: 0.8597321529943186
  beta2: 0.9159465899169154
  eps: 3.820684681535058e-08
  weight_decay: 4.705218380579962e-06
seed: 5
best_validation_loss: 0.06885589101314545
best_epoch: 264
terminating_epoch: 292
test_loss: 0.06907548676729203
