architecture:
  name: mlp_3x_192x126x64
  layers:
  - 192
  - 126
  - 64
hyperparameters:
  lr: 0.0006819705095274921
  beta1: 0.87354029247114
  beta2: 0.9272641522381861
  eps: 1.3638599660933263e-07
  weight_decay: 6.588802962111528e-05
  dropout: 0.1677808655297897
  leaky_relu_alpha: 0.05263939127532511
best_trial_idx: 19
best_validation_loss: 0.07731628079414368
best_epoch: 55
terminating_epoch: 75
